RMSE: 6.524966219934004
R2: 0.9999221532335237
